%YAML:1.0
---
aruco_bc_dict: ARUCO_MIP_36h12
aruco_bc_nmarkers: 13
aruco_bc_mInfoType: 1
aruco_bc_markers:
   - { id:161, corners:[ [ -7.2499997913837433e-02,
       -4.3499998748302460e-02, 0. ], [ -4.3499998748302460e-02,
       -4.3499998748302460e-02, 0. ], [ -4.3499998748302460e-02,
       -7.2499997913837433e-02, 0. ], [ -7.2499997913837433e-02,
       -7.2499997913837433e-02, 0. ] ] }
   - { id:227, corners:[ [ -1.4499999582767487e-02,
       -4.3499998748302460e-02, 0. ], [ 1.4499999582767487e-02,
       -4.3499998748302460e-02, 0. ], [ 1.4499999582767487e-02,
       -7.2499997913837433e-02, 0. ], [ -1.4499999582767487e-02,
       -7.2499997913837433e-02, 0. ] ] }
   - { id:85, corners:[ [ 4.3499998748302460e-02,
       -4.3499998748302460e-02, 0. ], [ 7.2499997913837433e-02,
       -4.3499998748302460e-02, 0. ], [ 7.2499997913837433e-02,
       -7.2499997913837433e-02, 0. ], [ 4.3499998748302460e-02,
       -7.2499997913837433e-02, 0. ] ] }
   - { id:166, corners:[ [ -4.3499998748302460e-02,
       -1.4499999582767487e-02, 0. ], [ -1.4499999582767487e-02,
       -1.4499999582767487e-02, 0. ], [ -1.4499999582767487e-02,
       -4.3499998748302460e-02, 0. ], [ -4.3499998748302460e-02,
       -4.3499998748302460e-02, 0. ] ] }
   - { id:244, corners:[ [ 1.4499999582767487e-02,
       -1.4499999582767487e-02, 0. ], [ 4.3499998748302460e-02,
       -1.4499999582767487e-02, 0. ], [ 4.3499998748302460e-02,
       -4.3499998748302460e-02, 0. ], [ 1.4499999582767487e-02,
       -4.3499998748302460e-02, 0. ] ] }
   - { id:144, corners:[ [ -7.2499997913837433e-02,
       1.4499999582767487e-02, 0. ], [ -4.3499998748302460e-02,
       1.4499999582767487e-02, 0. ], [ -4.3499998748302460e-02,
       -1.4499999582767487e-02, 0. ], [ -7.2499997913837433e-02,
       -1.4499999582767487e-02, 0. ] ] }
   - { id:5, corners:[ [ -2.3e-02, 2.3e-02, 0. ],
                       [ 2.3e-02, 2.3e-02, 0. ],
                       [ 2.3e-02, -2.3e-02, 0. ],
                       [ -2.3e-02, -2.3e-02, 0. ] ] }
   - { id:214, corners:[ [ 4.3499998748302460e-02,
       1.4499999582767487e-02, 0. ], [ 7.2499997913837433e-02,
       1.4499999582767487e-02, 0. ], [ 7.2499997913837433e-02,
       -1.4499999582767487e-02, 0. ], [ 4.3499998748302460e-02,
       -1.4499999582767487e-02, 0. ] ] }
   - { id:153, corners:[ [ -4.3499998748302460e-02,
       4.3499998748302460e-02, 0. ], [ -1.4499999582767487e-02,
       4.3499998748302460e-02, 0. ], [ -1.4499999582767487e-02,
       1.4499999582767487e-02, 0. ], [ -4.3499998748302460e-02,
       1.4499999582767487e-02, 0. ] ] }
   - { id:7, corners:[ [ 1.4499999582767487e-02, 4.3499998748302460e-02,
       0. ], [ 4.3499998748302460e-02, 4.3499998748302460e-02, 0. ], [
       4.3499998748302460e-02, 1.4499999582767487e-02, 0. ], [
       1.4499999582767487e-02, 1.4499999582767487e-02, 0. ] ] }
   - { id:143, corners:[ [ -7.2499997913837433e-02,
       7.2499997913837433e-02, 0. ], [ -4.3499998748302460e-02,
       7.2499997913837433e-02, 0. ], [ -4.3499998748302460e-02,
       4.3499998748302460e-02, 0. ], [ -7.2499997913837433e-02,
       4.3499998748302460e-02, 0. ] ] }
   - { id:219, corners:[ [ -1.4499999582767487e-02,
       7.2499997913837433e-02, 0. ], [ 1.4499999582767487e-02,
       7.2499997913837433e-02, 0. ], [ 1.4499999582767487e-02,
       4.3499998748302460e-02, 0. ], [ -1.4499999582767487e-02,
       4.3499998748302460e-02, 0. ] ] }
   - { id:78, corners:[ [ 4.3499998748302460e-02, 7.2499997913837433e-02,
       0. ], [ 7.2499997913837433e-02, 7.2499997913837433e-02, 0. ], [
       7.2499997913837433e-02, 4.3499998748302460e-02, 0. ], [
       4.3499998748302460e-02, 4.3499998748302460e-02, 0. ] ] }






  #  - { id:5, corners:[ [ -2.3e-02, 2.3e-02, 0. ],
  #                      [ 2.3e-02, 2.3e-02, 0. ],
  #                      [ 2.3e-02, -2.3e-02, 0. ],
  #                      [ -2.3e-02, -2.3e-02, 0. ] ] }